6202
999
6190
7027
2682
5788
13326
1586
3104
9043
1994
2514
4194
5787
5146
1651
3736
7583
1993
7036
14517
745
11455
683
5039
413
227
6834
2518
1257
2374
9744
13863
11475
4990
5002
11829
2517
6183
2502
5721
1596
6349
14575
2120
51
682
5883
606
11381
3739
202
1084
12654
10576
6063
12742
14572
3735
5718
5099
6221
3943
2503
11439
8298
1441
11508
13704
3618
6174
5108
11033
13116
4993
459
1649
13282
78
715867
12095
7584
715613
14573
1817
2504
4853
12640
12436
11458
12514
6570
6062
8480
12424
14392
8329
5104
3986
13336
4283
14580
12513
12432
5649
12653
3938
1677
6434
11930
7059
4880
9764
5962
5102
5881
4674
8239
4192
1083
13937
714796
7061
11456
8304
7554
5341
4888
3836
13974
7286
11634
8314
12351
5388
9776
5392
12093
13938
13341
12673
4287
1964
12091
8286
11476
12427
10589
13141
7034
8241
11399
13178
4198
8319
5964
8936
690
6288
2554
6819
13834
12094
4986
2552
7280
98
1748
5957
4271
12886
8935
1212
2655
1386
715844
14434
12676
12786
74
9346
2557
1561
4900
12534
5554
5898
1975
716080
715337
9543
1079
1308
2072
13987
6632
715841
1857
12590
3661
12778
5976
13400
12322
12593
3564
13575
8206
12511
714795
99
9737
1015
97
7026
716149
715915
2061
717151
11457
1972
5380
1387
715552
11954
2714
1873
14065
14439
9741
679
5296
4458
41
13759
14040
3630
1971
13685
7044
4203
8682
14523
5103
6651
4920
6386
12806
12567
75
11440
6433
10640
681
13826
12350
5377
13021
716349
7227
3633
14163
12368
6285
5
8288
42
6824
2799
7191
3491
11334
11504
9664
1818
5336
13289
13655
4908
1237
11397
7283
621
11343
13470
12395
9615
13019
6418
10967
12678
12774
12873
9740
4985
10496
715209
5492
12431
716573
11562
4288
714949
9668
716103
11443
717354
715312
5996
10879
714979
776
6455
11719
11622
11718
4989
715550
11042
8185
8312
13517
1820
9662
12878
6024
786
13490
13832
717606
714842
11629
8301
4204
716738
8365
11779
9665
716809
6084
6696
8947
5498
43
9316
5111
53
12820
5490
13337
715242
11261
9667
1925
5379
4887
5301
1928
1976
1474
714856
779
715676
14091
11441
926
982
11780
1408
12388
8240
6099
7279
8922
9412
5206
7967
11861
13545
12437
715763
12913
4721
12891
714852
8655
716097
5210
4723
715684
716771
6083
4205
715725
11082
715682
163
12776
11442
3571
717513
131
715555
716839
13437
11851
10612
6822
166
7228
5302
5378
3948
11333
12859
11240
13511
14119
9597
717299
14695
5657
716073
2138
5427
1197
13627
13473
5208
1409
12591
12879
179
4340
715627
716064
12423
715643
11771
14700
2069
6125
5888
715617
12777
12999
13324
13474
12370
11640
5216
9595
1773
12265
10508
4854
715085
11540
441
716465
9847
1829
5489
12872
4883
716808
1961
715935
13513
14437
13561
10322
12914
9012
9594
12516
440
12677
4289
4036
5038
13510
9618
1807
12387
2945
9030
14507
715305
2161
319
12531
7041
13472
444
13902
3978
14353
4930
715744
4688
1085
11340
4199
715084
11777
11338
1361
9010
11556
8082
4680
9009
11437
14503
715683
12429
1096
714936
716871
8986
3576
715086
12637
11631
883
14449
12520
14049
12773
12775
9530
1375
715383
717356
9666
421
11776
1847
9008
857
12090
11775
13735
12236
3482
14105
135
13682
4029
6313
3174
167
715677
14702
715738
10116
1155
6713
10980
5912
2507
9806
8484
4278
1374
3480
8431
5179
3611
2707
12117
12435
11810
3977
1152
12963
10417
12060
3660
4921
2785
3554
12510
9596
10853
715920
14705
715116
1016
4722
13587
11027
716202
2401
3657
715447
10703
359
13406
12592
3221
715430
14504
13514
1968
14637
1362
14644
13026
4886
9014
6208
4031
14509
1091
9013
14574
1052
716247
714765
13581
12144
14222
717058
1076
11737
10407
9011
13694
14555
13491
4444
14311
6895
1419
1827
1383
4195
13890
5018
4937
714847
716338
11393
1360
11276
14197
715376
716831
9723
1157
716352
8322
11662
9844
714906
716734
716810
5199
4675
950
715070
12612
714853
14185
10388
8193
13864
716700
3987
1066
14508
714783
7971
3643
715343
6168
715742
7215
14417
14609
12430
9734
12986
2164
715278
717060
8180
1017
6427
716629
13328
11391
11462
11952
318
5437
11041
8109
63
11374
2137
1385
7738
142
9598
12371
13113
714846
12727
11974
1391
12488
6548
13804
717126
8677
5482
5654
13946
715071
13244
8987
12428
8115
9685
13081
4951
716258
10683
10988
4456
5968
14313
12422
5961
11010
134
13865
13090
8613
1363
14682
1038
716068
716663
2620
8645
5195
5878
10185
7062
8482
14378
14681
10641
14541
8926
11392
11604
716065
13469
62
12338
7188
6712
714833
716347
716806
9531
715298
11933
4306
10620
716271
717188
5524
716054
3213
3700
1514
14438
11808
4916
4181
13403
11971
14433
14693
7212
14428
715300
716832
6119
6290
3730
716241
716254
12638
12008
11352
5237
4718
12089
7457
714901
714977
716701
12826
11395
6312
11444
6708
912
716248
12216
6176
13903
2778
1661
12369
716635
5178
13177
4337
14462
3649
1390
14680
716737
11372
8054
716098
12207
2045
714729
716269
13057
12779
11632
9686
13709
12270
11346
8588
7746
4991
3151
715849
13053
9611
716252
12614
5371
13991
931
10587
12973
11114
11807
8110
717355
11763
8295
7747
11493
5044
715301
8693
5387
13923
715256
716726
717153
11555
8591
6118
3210
14296
715934
8481
2155
13992
715020
8680
104
12214
12259
4926
13794
13020
12385
715628
12192
12336
715316
4196
777
715342
10834
8683
5911
200
715310
716150
716232
715862
12098
6477
715796
1449
13690
14558
13466
11637
11921
4157
716694
12542
12962
2774
717152
13521
12961
11813
9219
9438
3097
716817
5215
14029
716067
716259
13252
13327
5356
4277
14152
14511
11137
9710
9736
10991
223
1836
715135
13137
8923
680
715452
10507
7038
14435
13449
11922
6047
3646
716803
1952
8173
7964
4034
716634
5300
13231
10724
9832
716495
13066
885
14692
714822
11375
10689
3983
146
12097
11501
11956
9743
59
14022
7723
1424
14178
717427
13621
8237
14703
13640
5325
14030
3742
10728
6363
4925
3653
1372
13945
12550
14228
11212
7991
6167
5616
1381
716999
13205
13793
716973
8270
8590
14028
8114
7440
5434
11373
10482
6588
5240
3468
715927
12976
11227
11673
11862
5485
4158
14179
717311
11638
7724
5017
2078
4273
827
14579
714978
715572
716974
11354
977
714801
13080
11419
5299
14142
714724
716633
12822
11735
11979
4750
32
360
12409
8277
245
715184
715793
12780
3278
9480
5440
4720
1041
828
848
715741
11376
715640
716727
10989
13745
714907
715845
716377
12138
7735
8903
13770
10186
10859
8140
715448
13091
8113
1063
1747
1978
12827
12438
76
13882
715638
12268
12782
12791
3095
4303
160
11630
11778
13895
13330
11621
2848
14048
714735
716069
9061
7730
4729
715619
5217
714878
715805
13590
2864
13931
716469
11496
555
715688
13538
9516
3591
1382
1653
12204
11239
9738
8737
5011
5234
5650
12931
10745
9843
5185
14436
716632
12443
10841
7235
8265
716826
7065
4308
14371
715929
717406
11208
7538
5603
127
14000
14465
716023
12269
14640
13541
12162
12354
14377
11762
8186
1973
14275
715066
13522
9846
6697
6092
716356
13179
332
13996
715737
13077
12643
9312
5197
4917
1059
14512
12356
12519
10981
8374
2944
8405
6802
7976
5189
436
1479
9803
714942
715747
716630
716616
13311
12151
6274
3713
1702
13805
715851
12181
12615
11986
10956
5431
140
979
14046
714857
13331
12903
3224
13894
13995
716951
12215
12876
11652
6636
4488
2109
714816
11837
6165
5741
180
712
14570
715569
12159
12393
8338
7464
352
715740
715864
10476
8273
4105
4258
3727
714829
715794
716265
716490
12814
9577
9845
8087
8238
6704
2765
1816
14180
14262
14429
715411
715635
717059
12487
9177
8483
5101
5481
13900
716268
11802
8197
8208
1110
1606
13762
13743
13982
14294
716499
13059
12156
12246
8091
2529
14210
12695
11348
5184
5435
2162
716504
716772
717600
6864
6175
751
984
14147
715687
716956
11618
9517
8477
14453
12157
12187
12967
3586
1492
13877
716334
13551
11298
10590
14220
14706
716048
716234
716246
10323
8108
4341
3635
13701
13512
11531
11867
8269
8496
5539
13904
14524
12199
11809
10650
9760
9833
6222
2077
4256
1733
14265
715451
715825
12812
10178
2048
3489
14162
13736
715028
13501
12789
9246
3698
14209
716769
12517
11699
9065
10477
9829
8674
14589
715745
12549
12609
12713
12877
10478
9593
10787
7729
5353
5786
2849
1074
1143
1251
715092
715943
716491
716952
11211
4027
201
14045
11213
2360
14514
716106
715919
716503
716829
717115
13476
11092
11879
7040
715978
12996
12515
11396
7965
4761
4152
12119
12681
9272
9216
10882
4510
13691
715436
13044
11559
5315
4343
527
14111
13079
11473
9255
5149
4565
2530
2983
13786
714905
715490
13051
7450
8696
5656
715131
6574
7501
5507
3209
4294
14015
715392
715905
11367
10489
5204
14181
716736
13619
10481
9428
9663
10979
7969
5383
4183
14571
14588
11064
10686
6234
2108
14704
715637
716084
715870
716828
12316
12522
12546
12642
12560
8281
8961
5003
6079
6122
4879
1977
14203
13901
14273
715846
716753
11850
10091
10860
9842
5648
1473
1477
14414
714824
715610
13519
12112
10842
10987
4719
2688
878
715145
715811
13558
12547
12804
11811
5214
1772
714834
715632
716264
8260
14184
13774
13859
715175
714893
717110
12974
11418
7354
7963
14010
13911
714718
714823
715603
715756
717352
12434
11270
11527
11528
8125
6309
14263
715489
716223
716219
716461
716763
12056
3144
1234
14039
714832
715403
716022
716489
717316
13356
12297
11643
11674
8196
2062
13713
714867
715433
716641
716743
716830
717114
13052
12675
11574
9062
7274
8578
978
715620
715798
717314
13607
11155
9787
8369
4866
4445
79
14616
716448
716514
716971
13283
12165
12189
12329
12968
11380
6497
6806
6955
48
222
715449
715600
715871
716354
13115
11167
9247
10479
7749
2564
3852
149
362
715287
716755
716976
12188
12405
11018
9051
10977
8672
14212
14450
715064
715144
714941
715437
13415
11051
10480
315
13700
13860
14712
715535
715548
716449
716975
13188
12120
12694
8036
2633
3663
2861
1734
14707
716074
716813
12258
10341
1073
1055
144
715800
716644
716814
13301
13547
10179
10475
7127
5145
4856
13731
13792
14312
715324
715987
716643
716840
13302
12464
12545
12649
12030
11854
6464
8495
5763
5880
2102
4128
14274
715078
715881
13495
12160
12158
11703
7848
5270
6278
137
1655
14430
715726
715739
715891
716559
717581
13086
6550
5001
787
715549
715644
715665
715842
13606
12994
12280
11932
10180
10277
9294
6709
3229
216
13835
715736
715875
716972
13608
11655
11724
11803
9414
8263
5988
4673
1668
715706
13549
12548
12787
5083
6375
5598
2082
14539
14610
715495
715488
715573
716656
717185
717339
717546
12220
11133
11453
11998
10456
10729
6702
6117
1591
715088
717182
717108
13087
12062
12296
12249
11799
7030
7039
6718
4628
5682
1494
14246
14699
715075
715258
715339
716645
716740
13518
12730
12745
10115
8100
6505
7739
13707
14339
715872
716513
13170
12264
11994
7437
6637
6333
6378
14082
716375
716754
11560
11736
11767
9572
9791
10839
10098
6707
7855
6982
6374
3007
2103
3758
3109
14583
714760
716047
716276
716838
13045
13634
12562
12768
11094
6813
6259
5827
2086
2158
293
1241
715791
716101
716327
716579
717349
11148
11371
11378
11000
9441
7121
8332
8968
6223
3726
18
1405
14025
715340
715546
716433
717509
13136
12352
12714
11095
11607
133
1203
1462
1589
14526
14612
715496
715792
715817
716797
11156
11978
9113
7293
6640
6641
2621
715076
715114
715454
715692
715674
716647
716789
717132
717290
717388
717524
13118
9400
8348
858
13869
14566
715455
715723
715883
716366
13093
13583
12400
12671
9790
6059
158
14038
13939
715065
714813
715487
715616
716752
11770
10097
8279
7360
5637
3496
2736
714880
715679
715926
716764
717068
717315
12161
12278
12310
11349
10822
8176
8945
3087
13958
14243
715036
715230
715707
716855
717342
12969
6468
5479
5563
5762
4201
14074
14615
715434
11357
11526
11062
10786
8345
7441
6229
5389
6381
5400
3191
2545
3732
3979
3
178
1244
1573
1690
1672
1646
14002
714719
716060
716562
716704
717001
13228
13550
12307
11866
9508
10990
6634
7905
5555
26
1069
344
1658
14026
14157
14301
14613
714725
715315
716567
716742
716860
716805
717175
13163
12326
11231
11671
11992
8274
8205
4653
4325
2506
294
14183
715345
716086
716782
717575
12133
12696
12895
11143
11818
11646
10522
9711
6820
3857
1506
14031
14027
13920
716340
716717
12069
12276
12308
12930
10718
10789
9839
6705
3023
3204
2428
3582
3738
50
1001
322
1471
13906
14582
717000
717120
717111
12293
11492
11558
11019
10126
10370
3190
2474
2985
182
438
13880
13979
14283
14515
715252
715237
714766
715482
715645
715986
717353
13169
13216
13309
12153
12303
12644
12916
11160
11853
11970
11002
9571
9518
5681
4049
4220
435
1605
871
14441
715011
715192
715321
715599
716305
715815
715900
716439
716646
716873
11356
10838
9862
7074
8443
5286
5484
4578
4737
4977
3085
3137
2505
1125
1147
1259
14191
14207
14672
715043
714762
714738
715715
717176
717295
717246
12390
11084
10485
9484
7903
2435
2981
14149
13944
14284
715141
715185
714895
714826
715673
716224
716748
13135
13219
13457
12092
12626
12711
11625
10271
10637
8981
7180
8447
4973
5457
2089
4307
13663
14213
14208
14316
14404
715179
714817
715307
715551
716046
717360
13078
13443
12956
11816
9063
10735
9894
10955
7278
4579
5530
5548
4936
2562
2964
277
13788
13858
13953
13985
13997
715354
715306
715481
715649
716076
716315
716856
717240
717245
716979
13571
13552
12355
12485
12533
11536
10513
4508
4784
4968
5959
3245
2362
1239
715259
714799
715758
715893
716765
717303
12362
12015
11942
10914
7110
7758
6945
5192
4573
2222
122
198
1128
279
533
14167
13791
13908
14398
14443
14597
716325
715887
716507
716548
13185
13201
13204
12985
12381
11286
11427
9100
9149
10625
5617
2192
14112
14269
715010
715297
715607
716492
716458
716756
716853
13464
13580
12113
12380
12705
11993
9060
9002
7069
8207
8364
6187
5401
2129
434
608
1861
13790
13853
13914
13978
14696
715058
715254
714772
714920
715291
715450
715525
715874
715886
13393
13389
12206
12749
12917
11079
11955
11072
9218
9570
10840
7269
6710
7720
7847
8963
8916
4957
2125
3709
1011
316
14033
14036
13687
13771
13802
14305
14326
14464
715262
715566
715615
716858
717127
716944
12382
12314
12421
12492
12706
11134
11168
11635
11760
11723
9456
10607
6694
5743
2159
2325
2686
13712
13854
14416
14561
14622
715110
714914
715772
716551
716757
716945
716949
13339
13467
12722
11142
11928
10483
9471
7179
6645
7924
7919
2676
2922
1610
13855
13910
714731
714921
714981
715355
715666
716242
716233
716322
715850
715889
715923
716692
717604
12807
11654
11857
11868
11071
9156
9768
8972
7359
6437
7455
7781
5226
5386
5756
3099
1316
13959
715111
714759
715795
716031
716147
717095
717144
13054
13296
12185
12337
12650
12689
11549
11784
11901
11924
10131
10712
10878
7334
7668
8834
6206
5355
4914
4428
2962
130
105
218
558
1696
14113
13844
13983
14394
14399
14596
14620
715067
714837
714915
715656
716151
715885
715848
716574
12197
12198
11166
11127
11260
11696
11820
9331
9568
7282
7246
6522
6638
6811
6232
4786
4885
2010
3171
3290
2586
337
14023
14131
13785
13846
14324
715251
715648
715722
716030
716072
716466
